digraph {
	4367
	3464
	4367 -> 3464
	2591
	3464 -> 2591
	1796
	2591 -> 1796
	779
	1796 -> 779
	574
	779 -> 574
	159
	574 -> 159
	42
	159 -> 42
	76
	42 -> 76
	188
	159 -> 188
	336
	188 -> 336
	280
	336 -> 280
	256
	280 -> 256
	324
	280 -> 324
	416
	336 -> 416
	414
	416 -> 414
	550
	416 -> 550
	525
	550 -> 525
	457
	525 -> 457
	534
	525 -> 534
	703
	574 -> 703
	1238
	779 -> 1238
	1192
	1238 -> 1192
	1073
	1192 -> 1073
	1054
	1073 -> 1054
	860
	1054 -> 860
	1034
	860 -> 1034
	896
	1034 -> 896
	1026
	896 -> 1026
	1145
	1073 -> 1145
	1368
	1238 -> 1368
	1263
	1368 -> 1263
	1317
	1263 -> 1317
	1742
	1368 -> 1742
	1481
	1742 -> 1481
	1642
	1481 -> 1642
	2483
	1796 -> 2483
	2417
	2483 -> 2417
	2127
	2417 -> 2127
	1919
	2127 -> 1919
	1862
	1919 -> 1862
	1974
	1919 -> 1974
	1972
	1974 -> 1972
	2085
	1974 -> 2085
	1981
	2085 -> 1981
	2167
	2127 -> 2167
	2367
	2167 -> 2367
	2215
	2367 -> 2215
	2469
	2417 -> 2469
	2527
	2483 -> 2527
	2582
	2527 -> 2582
	3220
	2591 -> 3220
	2695
	3220 -> 2695
	2665
	2695 -> 2665
	2681
	2665 -> 2681
	2809
	2695 -> 2809
	2769
	2809 -> 2769
	2756
	2769 -> 2756
	3045
	2809 -> 3045
	2839
	3045 -> 2839
	2823
	2839 -> 2823
	3164
	3045 -> 3164
	3073
	3164 -> 3073
	3063
	3073 -> 3063
	3120
	3073 -> 3120
	3108
	3120 -> 3108
	3139
	3120 -> 3139
	3267
	3220 -> 3267
	3421
	3267 -> 3421
	3407
	3421 -> 3407
	3494
	3464 -> 3494
	4017
	3494 -> 4017
	3547
	4017 -> 3547
	3516
	3547 -> 3516
	3657
	3547 -> 3657
	3871
	3657 -> 3871
	3742
	3871 -> 3742
	3828
	3742 -> 3828
	3798
	3828 -> 3798
	3982
	3871 -> 3982
	3920
	3982 -> 3920
	3980
	3920 -> 3980
	4244
	4017 -> 4244
	4221
	4244 -> 4221
	4118
	4221 -> 4118
	4352
	4244 -> 4352
	4301
	4352 -> 4301
	4287
	4301 -> 4287
	4339
	4301 -> 4339
	4573
	4367 -> 4573
	4450
	4573 -> 4450
	4449
	4450 -> 4449
	4553
	4450 -> 4553
	4674
	4573 -> 4674
	4619
	4674 -> 4619
	4672
	4619 -> 4672
	4782
	4674 -> 4782
	4952
	4782 -> 4952
	4947
	4952 -> 4947
}
